<?xml version="1.0"?>
<opencv_storage>
<Measure type_id="opencv-matrix">
  <rows>119</rows>
  <cols>2</cols>
  <dt>u</dt>
  <data>
    0 234 1 199 2 198 3 199 4 203 5 204 6 207 7 208 8 210 9 211 10 213
    11 212 12 215 13 213 14 215 15 215 16 216 17 214 18 216 19 214 20
    210 21 158 22 107 23 113 24 171 25 138 26 118 27 107 28 108 29 117
    30 139 31 147 32 145 33 137 34 139 35 134 36 139 37 145 38 151 39
    156 40 166 41 170 42 177 43 185 44 190 45 195 46 201 47 202 48 207
    49 208 50 211 51 213 52 214 53 215 54 216 55 214 56 214 57 214 58
    184 59 125 60 106 61 116 62 127 63 116 64 113 65 119 66 118 67 130
    68 148 69 145 70 142 71 148 72 147 73 153 74 159 75 165 76 173 77
    177 78 183 79 190 80 192 81 197 82 199 83 200 84 201 85 205 86 204
    87 206 88 206 89 205 90 181 91 116 92 94 93 95 94 95 95 103 96 100
    97 101 98 100 99 112 100 122 101 133 102 132 103 137 104 141 105 148
    106 154 107 167 108 172 109 182 110 186 111 192 112 195 113 201 114
    202 115 206 116 206 117 209 118 212</data></Measure>
</opencv_storage>
