<?xml version="1.0"?>
<opencv_storage>
<Measure type_id="opencv-matrix">
  <rows>119</rows>
  <cols>20</cols>
  <dt>u</dt>
  <data>
    240 239 247 237 246 231 228 237 236 235 245 230 244 222 219 231 230
    229 238 219 241 212 212 206 215 206 206 201 202 195 203 192 206 186
    184 178 185 174 188 189 241 210 206 208 209 205 205 204 199 197 192
    190 189 185 184 182 179 177 173 235 235 212 211 211 210 206 204 206
    202 200 195 194 194 191 186 186 183 179 177 201 241 212 213 212 207
    209 207 206 204 203 198 198 197 194 190 190 187 184 184 239 226 214
    214 214 211 214 210 208 204 203 203 203 199 198 193 195 187 187 188
    217 240 216 213 214 210 212 211 210 208 206 201 202 201 200 198 198
    192 191 190 241 219 218 216 213 211 211 209 211 210 208 208 204 205
    203 199 197 197 195 198 228 236 218 217 215 214 212 211 213 211 208
    209 207 206 205 202 200 199 199 196 233 241 217 216 217 215 214 214
    214 209 211 210 207 206 207 206 202 201 201 200 215 241 216 217 216
    212 213 215 215 210 210 211 209 208 207 208 207 203 201 202 243 234
    218 219 217 212 211 215 215 215 213 210 208 209 205 209 209 202 201
    203 222 242 221 218 212 215 213 217 216 214 212 210 213 211 210 209
    208 207 204 204 245 225 219 217 215 216 214 217 213 210 210 211 214
    210 209 211 210 208 205 203 229 242 219 216 216 218 214 216 213 213
    213 210 212 212 209 209 213 212 207 207 230 247 223 217 220 221 213
    212 214 211 212 212 211 212 211 209 214 211 209 208 222 241 219 217
    220 220 216 213 215 212 211 213 213 212 212 213 214 210 207 208 241
    239 218 217 213 216 215 216 218 212 210 212 210 210 211 215 209 208
    210 207 221 240 218 217 213 217 216 218 217 212 215 216 212 212 211
    211 209 208 209 204 245 228 215 216 216 217 217 214 215 212 216 216
    213 213 214 213 213 210 208 206 226 236 211 212 216 210 210 211 211
    208 211 210 208 204 205 206 203 201 200 200 246 183 170 171 169 169
    161 167 158 159 158 159 155 152 150 145 147 136 138 133 185 192 119
    115 111 104 105 100 99 97 98 96 96 94 94 93 92 92 86 87 184 213 134
    119 117 114 116 108 111 106 106 104 107 100 99 98 98 96 93 92 144
    215 180 170 182 179 192 178 181 171 173 161 186 153 165 151 151 137
    143 126 229 202 128 143 134 150 135 158 130 143 129 140 132 139 122
    134 118 122 115 120 167 189 109 111 112 109 109 107 108 110 110 109
    111 109 108 106 106 106 103 106 232 135 104 105 104 103 104 102 102
    104 104 102 103 104 102 101 100 100 99 100 172 187 103 103 104 101
    103 100 100 101 101 99 101 103 100 99 100 100 100 99 168 237 118 106
    110 107 108 105 106 102 108 108 110 108 109 107 110 108 109 107 158
    206 128 134 131 136 129 132 131 132 130 134 132 133 131 131 130 132
    129 131 216 217 153 148 147 145 143 143 145 142 140 138 139 139 139
    139 138 137 138 137 182 206 144 144 142 141 140 140 140 137 135 132
    136 133 135 134 132 132 130 131 240 185 141 140 138 136 137 136 135
    132 131 130 130 129 130 129 128 128 125 127 182 201 138 137 136 133
    134 132 131 129 129 129 127 127 128 128 126 126 125 126 239 158 139
    136 135 134 135 132 132 128 128 129 128 128 128 126 126 125 126 127
    189 201 142 138 139 136 137 137 134 131 132 131 130 128 130 129 129
    128 129 129 195 236 152 145 144 141 140 141 140 137 137 137 135 134
    135 135 135 134 134 134 179 208 153 150 150 147 147 146 147 145 144
    144 141 141 142 142 141 141 140 143 225 211 160 158 157 156 155 152
    150 151 150 152 151 149 148 149 147 147 147 148 186 214 167 166 164
    164 163 160 159 158 158 160 160 159 156 156 155 155 155 158 245 195
    173 173 171 169 168 168 163 167 167 166 166 166 165 164 163 164 163
    163 206 219 179 180 178 175 173 172 171 174 174 171 172 175 174 172
    172 171 171 172 202 255 191 186 184 183 180 178 180 180 180 181 180
    182 180 177 178 176 178 177 207 224 191 190 188 187 185 186 187 187
    186 183 184 186 184 185 184 184 186 185 229 240 199 194 194 192 191
    191 192 192 194 192 191 191 189 190 192 191 193 192 216 227 199 198
    197 196 197 197 196 197 199 199 195 196 197 197 195 195 200 199 246
    225 202 204 202 199 197 199 201 201 200 202 200 200 200 202 202 199
    199 201 224 230 208 207 204 206 202 203 203 203 204 205 205 206 203
    203 203 204 205 205 250 214 211 206 206 206 205 205 208 207 208 207
    207 208 208 207 207 206 206 205 229 234 212 210 210 207 210 209 210
    210 209 212 206 208 212 211 209 208 209 211 226 252 216 210 208 207
    212 211 209 211 210 210 210 212 213 214 212 211 212 212 227 234 214
    211 211 209 213 215 212 211 212 211 211 213 212 214 215 215 211 211
    242 241 215 212 212 212 217 217 214 210 212 212 212 214 213 214 216
    214 213 213 231 233 211 213 213 211 211 214 213 212 212 215 216 213
    215 213 213 213 215 214 253 231 214 214 214 211 211 213 211 214 216
    215 214 210 211 213 214 211 208 208 230 234 214 212 214 209 211 212
    212 213 213 213 214 211 212 214 215 213 210 211 228 254 213 210 213
    212 212 213 212 212 211 210 209 208 208 212 215 210 210 209 231 221
    190 202 194 202 191 199 186 188 178 184 173 172 166 173 172 174 170
    169 195 241 132 120 132 126 127 116 122 117 117 112 111 109 106 109
    108 109 110 109 179 171 98 98 98 100 99 96 94 95 97 93 93 93 96 96
    97 97 96 103 229 185 103 106 106 107 105 107 109 107 108 109 109 107
    110 112 113 110 116 119 183 177 118 115 114 115 115 116 119 117 117
    120 118 118 118 120 118 117 118 132 251 154 111 109 108 109 110 112
    114 110 109 113 112 112 112 112 111 111 111 113 182 174 107 106 107
    105 107 108 108 105 105 108 107 104 108 109 109 106 108 108 165 246
    113 108 109 110 110 111 110 108 106 108 108 108 110 112 111 109 110
    108 176 174 109 108 109 109 113 111 112 112 109 109 112 110 111 111
    114 113 114 113 204 214 118 120 115 117 120 123 119 122 117 123 123
    124 122 126 128 129 128 128 184 192 142 140 137 137 142 140 142 138
    140 139 141 137 141 140 141 140 143 145 248 196 145 142 143 141 141
    141 140 139 142 140 139 138 139 139 140 137 139 139 197 197 142 141
    142 139 140 141 139 137 138 140 140 137 137 137 137 136 137 139 163
    245 148 141 142 141 141 142 140 139 139 138 138 139 138 137 140 138
    139 139 197 193 146 144 145 144 144 142 142 144 142 141 141 140 140
    140 142 140 141 141 194 239 151 147 150 150 149 148 145 144 144 145
    145 145 144 144 147 146 146 146 199 199 156 155 156 156 153 153 151
    151 152 153 152 152 151 153 154 155 152 157 231 220 163 161 160 162
    161 159 158 159 161 160 159 158 158 159 159 160 160 162 208 207 170
    169 170 171 169 166 166 166 166 167 167 164 167 167 165 165 163 174
    255 207 179 179 176 175 174 174 173 174 174 174 172 170 172 174 174
    173 172 173 216 217 184 184 182 182 180 182 181 180 179 180 179 173
    175 180 180 179 180 179 204 249 190 189 189 188 187 188 186 186 185
    184 183 183 182 185 185 181 184 185 222 216 192 192 192 193 192 192
    189 189 190 190 187 183 186 191 189 189 189 188 225 241 198 198 195
    195 195 194 190 193 193 192 193 192 190 193 190 190 192 192 224 221
    202 201 198 199 198 194 193 195 197 196 195 196 194 193 192 191 193
    197 244 229 200 199 201 201 198 196 196 197 200 197 197 197 198 196
    197 194 195 197 226 227 201 200 200 202 197 201 201 199 199 199 201
    199 200 199 200 199 200 199 205 249 208 205 204 200 199 202 205 201
    200 200 201 202 202 200 202 201 202 199 228 227 206 205 204 202 203
    201 204 201 200 201 202 200 202 203 202 202 201 201 223 249 204 206
    204 203 204 204 204 201 201 202 205 204 203 202 200 199 201 201 232
    225 207 206 205 204 202 205 203 206 206 207 208 207 204 201 197 198
    202 205 235 239 207 208 206 204 201 203 200 204 203 205 204 205 203
    201 196 199 199 199 231 207 192 186 188 180 184 177 180 171 179 171
    177 174 179 167 173 165 170 167 238 194 115 121 112 119 110 118 107
    111 97 107 101 113 107 110 102 105 94 100 185 164 88 89 90 92 89 88
    90 89 88 85 89 89 88 89 91 88 87 85 124 228 84 83 86 86 85 85 85 84
